-0,2817723	0
0,0108374	0,75
-0,0325122	1,5
0,08669919	2,25
-0,1300488	3
-0,2275854	3,75
0,09753659	4,5
0,2600976	5,25
-0,4118211	6
-0,2059106	6,75
-0,108374	7,5
-0,07586179	8,25
0,04334959	9
-0,0216748	9,75
0,3793089	10,5
0,216748	11,25
-0,4443333	12
0,04334959	12,75
-0,4443333	13,5
1,094577	14,25
-0,5418699	15
-0,4009838	15,75
0	16,5
-0,3576342	17,25
0,04334959	18
-0,3142846	18,75
-0,1842358	19,5
-0,162561	20,25
0,3251219	21
0,3467968	21,75
0,0216748	22,5
0,3467968	23,25
-0,3576342	24
-0,0216748	24,75
-0,7261057	25,5
0,2600976	26,25
0,04334959	27
-0,07586179	27,75
-0,2384228	28,5
0,3576342	29,25
0,2059106	30
-0,7261057	30,75
0,2926098	31,5
0,1950732	32,25
-0,4226585	33
-0,4009838	33,75
-0,2275854	34,5
-0,162561	35,25
-0,2817723	36
-0,4226585	36,75
-0,4009838	37,5
0,04334959	38,25
0,3684715	39
-0,0216748	39,75
0,1192114	40,5
0,07586179	41,25
0,2275854	42
-0,3034472	42,75
1,029553	43,5
-0,162561	44,25
-0,108374	45
0,4876829	45,75
-0,108374	46,5
-0,09753659	47,25
-0,5960569	48
0,07586179	48,75
0,2384228	49,5
0,4226585	50,25
-0,2492602	51
0,162561	51,75
-0,3793089	52,5
0,3901463	53,25
0,3359593	54
0,7477805	54,75
-0,1733984	55,5
0,0325122	56,25
0,4118211	57
-0,3251219	57,75
-0,4876829	58,5
-0,6827561	59,25
0,1192114	60
-0,5093578	60,75
-0,1300488	61,5
0,2817723	62,25
0,6827561	63
0,4443333	63,75
0,4009838	64,5
-0,5960569	65,25
0,08669919	66
0,5310325	66,75
-0,7694553	67,5
-0,1733984	68,25
-0,216748	69
-0,8128049	69,75
0,4443333	70,5
-0,3142846	71,25
-0,3684715	72
0,5201951	72,75
0,3576342	73,5
0,6827561	74,25
-0,2600976	75
0,3901463	75,75
0,5635447	76,5
0,2817723	77,25
0,07586179	78
0,2059106	78,75
0,08669919	79,5
-0,3142846	80,25
-0,5743821	81
-0,4009838	81,75
0,162561	82,5
0,5418699	83,25
-0,108374	84
0,0325122	84,75
-0,216748	85,5
0,1300488	86,25
0,07586179	87
0,270935	87,75
0,1408862	88,5
-0,3467968	89,25
-0,1842358	90
-0,1950732	90,75
0,05418699	91,5
-0,6610813	92,25
0,08669919	93
-0,216748	93,75
0,3142846	94,5
-0,4118211	95,25
0,3251219	96
-0,6177317	96,75
0,3793089	97,5
-0,04334959	98,25
0,7369431	99
-0,4334959	99,75
0,05418699	100,5
0,2600976	101,25
-0,2492602	102
-0,7477805	102,75
0,0108374	103,5
-0,162561	104,25
0,4226585	105
-0,6068943	105,75
-0,0216748	106,5
-0,1192114	107,25
-0,1842358	108
0,04334959	108,75
0,2059106	109,5
0,4551707	110,25
-0,3034472	111
-0,09753659	111,75
-0,0108374	112,5
-0,3901463	113,25
0,06502439	114
0,270935	114,75
-0,7261057	115,5
0,0108374	116,25
-0,5960569	117
-0,06502439	117,75
0,2600976	118,5
0,1950732	119,25
-0,6502439	120
0,04334959	120,75
0,1733984	121,5
0,7369431	122,25
-0,108374	123
0,4118211	123,75
0,6394065	124,5
-0,4334959	125,25
0,3467968	126
0,4660081	126,75
0,8236423	127,5
-0,4551707	128,25
0,1733984	129
-0,04334959	129,75
0,3901463	130,5
0,3359593	131,25
0,162561	132
0,0216748	132,75
-0,07586179	133,5
-0,3359593	134,25
-0,4334959	135
-0,3251219	135,75
-0,5418699	136,5
0,3467968	137,25
-0,6394065	138
-0,2059106	138,75
0,216748	139,5
-0,4876829	140,25
0,5635447	141
0,3142846	141,75
-0,1950732	142,5
0,4660081	143,25
0,1300488	144
0,2059106	144,75
0,2817723	145,5
1,007878	146,25
0,0216748	147
0,0108374	147,75
0,08669919	148,5
0,4551707	149,25
0,1733984	150
0,1733984	150,75
0,5852195	151,5
0,3684715	152,25
0,2275854	153
0,05418699	153,75
-0,6285691	154,5
-0,4009838	155,25
-0,3251219	156
-0,04334959	156,75
0,2926098	157,5
-0,06502439	158,25
-0,2492602	159
-0,0325122	159,75
-0,1950732	160,5
-0,1733984	161,25
-0,3684715	162
-0,2926098	162,75
-0,4443333	163,5
-0,3793089	164,25
0,3576342	165
0,4334959	165,75
-0,3034472	166,5
0,1408862	167,25
-0,3359593	168
-0,162561	168,75
-0,4551707	169,5
-0,1842358	170,25
0,7477805	171
-0,162561	171,75
0,4443333	172,5
-0,3793089	173,25
0,4226585	174
-0,108374	174,75
-0,4768455	175,5
0,1733984	176,25
0,2275854	177
0,3793089	177,75
0,1733984	178,5
-0,1408862	179,25
-0,3467968	180
0,2275854	180,75
0,1842358	181,5
-0,1408862	182,25
0,07586179	183
0,1300488	183,75
-0,2059106	184,5
0,08669919	185,25
0,2817723	186
0,0108374	186,75
0,2817723	187,5
-0,6935935	188,25
0,4443333	189
-0,4443333	189,75
-0,3467968	190,5
0,04334959	191,25
-0,3251219	192
0,3142846	192,75
0,2275854	193,5
0,0325122	194,25
0,108374	195
-0,07586179	195,75
0,3034472	196,5
0,4226585	197,25
0,5527073	198
-0,2492602	198,75
-0,9320163	199,5
0,2384228	200,25
0,3034472	201
0,1408862	201,75
-0,3793089	202,5
0,2492602	203,25
-0,04334959	204
0,162561	204,75
-0,5201951	205,5
0,1842358	206,25
-0,2817723	207
-0,06502439	207,75
0,3251219	208,5
0,2275854	209,25
0,2492602	210
0	210,75
0,4118211	211,5
-0,1408862	212,25
-0,3901463	213
-0,04334959	213,75
-0,09753659	214,5
-0,5093578	215,25
0,4118211	216
-0,5852195	216,75
0,4226585	217,5
0,4118211	218,25
-0,2275854	219
0,270935	219,75
0,1733984	220,5
-0,06502439	221,25
0,3142846	222
-0,0216748	222,75
0,3034472	223,5
0,5201951	224,25
-0,2926098	225
-0,2384228	225,75
-0,3359593	226,5
-0,3142846	227,25
-0,2817723	228
-0,5310325	228,75
0,5093578	229,5
-0,4985203	230,25
-0,2600976	231
-0,6394065	231,75
0,2926098	232,5
-0,216748	233,25
-0,4660081	234
0,0108374	234,75
-0,08669919	235,5
-0,1517236	236,25
-0,1842358	237
0,3359593	237,75
-0,3576342	238,5
0,1192114	239,25
-0,4985203	240
0,2926098	240,75
-0,0325122	241,5
-0,1842358	242,25
-0,2926098	243
-0,2600976	243,75
0,2492602	244,5
0,07586179	245,25
0,0325122	246
0,216748	246,75
-0,216748	247,5
-0,1733984	248,25
-0,3684715	249
0,3901463	249,75
-0,08669919	250,5
0,7152683	251,25
-0,4009838	252
-0,7044309	252,75
0,1192114	253,5
-0,2817723	254,25
-0,1950732	255
-0,4009838	255,75
-0,07586179	256,5
-0,4226585	257,25
0,3576342	258
-0,06502439	258,75
0,216748	259,5
-0,5960569	260,25
0	261
0,05418699	261,75
-0,0325122	262,5
-0,4768455	263,25
0,05418699	264
0,6935935	264,75
0,4876829	265,5
0,2059106	266,25
-0,2059106	267
0,0216748	267,75
-0,2817723	268,5
-0,4009838	269,25
0,6068943	270
0,4226585	270,75
-0,6935935	271,5
0,2817723	272,25
0,2600976	273
-0,04334959	273,75
0,4009838	274,5
0,2817723	275,25
0,4226585	276
0,1408862	276,75
0,0216748	277,5
-0,1300488	278,25
-0,270935	279
-0,3251219	279,75
0,1408862	280,5
0,04334959	281,25
0,2275854	282
0,216748	282,75
0,0325122	283,5
-0,2384228	284,25
-0,2926098	285
-0,2600976	285,75
-0,2059106	286,5
-0,0325122	287,25
-0,06502439	288
-0,5635447	288,75
0,3901463	289,5
-0,0216748	290,25
-0,09753659	291
0,07586179	291,75
0,0216748	292,5
0,1192114	293,25
0,2059106	294
-0,0108374	294,75
-0,8886667	295,5
0,07586179	296,25
-0,2492602	297
0,3467968	297,75
0,3359593	298,5
-0,06502439	299,25
0,0325122	300
-0,06502439	300,75
-0,1733984	301,5
0,1733984	302,25
0,3142846	303
-0,3684715	303,75
0,5960569	304,5
0,1192114	305,25
0,3467968	306
-0,8669919	306,75
-0,3684715	307,5
0,4551707	308,25
0,2817723	309
-0,06502439	309,75
0	310,5
-0,06502439	311,25
0,2275854	312
-0,1950732	312,75
0,3359593	313,5
-0,162561	314,25
-0,6177317	315
0,1408862	315,75
0,4876829	316,5
-0,7369431	317,25
-0,2275854	318
0,3793089	318,75
0,1950732	319,5
-0,0325122	320,25
0,1842358	321
0,2600976	321,75
-0,8236423	322,5
0,108374	323,25
0,3684715	324
-0,2600976	324,75
0,3684715	325,5
0,4876829	326,25
-0,5093578	327
0,108374	327,75
0,216748	328,5
0,5310325	329,25
-0,5852195	330
0,7586179	330,75
0,1408862	331,5
0,2926098	332,25
0,1842358	333
-0,108374	333,75
0,2817723	334,5
0,2384228	335,25
-0,108374	336
-0,5418699	336,75
-0,2600976	337,5
-0,1950732	338,25
-0,08669919	339
-0,2384228	339,75
0,1842358	340,5
-0,06502439	341,25
-0,2492602	342
-0,8019675	342,75
-0,0108374	343,5
0,06502439	344,25
0,2492602	345
-0,3793089	345,75
-0,4551707	346,5
0,09753659	347,25
-0,1408862	348
0,07586179	348,75
-0,3684715	349,5
0,3793089	350,25
-0,0108374	351
0,1300488	351,75
-0,7044309	352,5
-0,162561	353,25
-0,09753659	354
-0,2600976	354,75
0,1408862	355,5
0,2600976	356,25
0,4334959	357
0,08669919	357,75
0,2275854	358,5
-0,2600976	359,25
0,162561	360
-0,4226585	360,75
-0,0108374	361,5
0,09753659	362,25
0,4334959	363
-0,5201951	363,75
-0,5852195	364,5
0,1842358	365,25
0,2926098	366
0,9862033	366,75
0,2059106	367,5
-0,08669919	368,25
0,09753659	369
0,4334959	369,75
0,3467968	370,5
0,1950732	371,25
-0,2926098	372
0,0108374	372,75
-0,05418699	373,5
0,0325122	374,25
-0,2059106	375
0,5418699	375,75
0,2059106	376,5
0,4443333	377,25
-0,5527073	378
-0,5201951	378,75
-0,216748	379,5
-0,0325122	380,25
0,1733984	381
-0,4334959	381,75
0,04334959	382,5
-0,08669919	383,25
0,1300488	384
0,4334959	384,75
-0,108374	385,5
0,2926098	386,25
0,4009838	387
-0,5201951	387,75
0,108374	388,5
-0,216748	389,25
-0,6827561	390
0,3251219	390,75
0,09753659	391,5
-0,3901463	392,25
0,04334959	393
-0,1192114	393,75
0,4768455	394,5
0,4660081	395,25
-0,3359593	396
0,1192114	396,75
0,1842358	397,5
-0,2600976	398,25
-0,1950732	399
-0,1408862	399,75
-0,1842358	400,5
-0,0216748	401,25
0,3901463	402
0,0216748	402,75
0,2492602	403,5
0,3251219	404,25
0,1192114	405
0,07586179	405,75
0,108374	406,5
0,7152683	407,25
0,0216748	408
-0,05418699	408,75
0,08669919	409,5
0,0325122	410,25
0,2926098	411
0,216748	411,75
0,1842358	412,5
0,3467968	413,25
0,5310325	414
0,108374	414,75
-0,216748	415,5
0,2275854	416,25
-0,2275854	417
-0,4768455	417,75
0,0325122	418,5
-0,5418699	419,25
0,0325122	420
-0,1842358	420,75
0,07586179	421,5
0,06502439	422,25
0,1192114	423
-0,2384228	423,75
-0,1192114	424,5
-0,6719187	425,25
0,3034472	426
0,09753659	426,75
-0,09753659	427,5
0,1192114	428,25
-0,2059106	429
-0,2384228	429,75
0,09753659	430,5
0,05418699	431,25
-0,07586179	432
-0,05418699	432,75
0,4118211	433,5
-0,1300488	434,25
-0,07586179	435
0,4443333	435,75
-0,04334959	436,5
0,07586179	437,25
-0,5310325	438
-0,3359593	438,75
-0,09753659	439,5
0,2384228	440,25
0,07586179	441
0,5093578	441,75
0,4334959	442,5
0,7802927	443,25
0,0216748	444
-0,6285691	444,75
0,8561544	445,5
-0,2275854	446,25
-0,5201951	447
0,4009838	447,75
0,4443333	448,5
0,2059106	449,25
-0,6827561	450
-0,3359593	450,75
0,108374	451,5
-0,05418699	452,25
0,8778293	453
-0,4768455	453,75
-0,7911301	454,5
-0,162561	455,25
0,08669919	456
0,8453171	456,75
-0,2817723	457,5
-0,5635447	458,25
0,8128049	459
-0,2384228	459,75
-0,4009838	460,5
-0,08669919	461,25
0,5960569	462
-0,8561544	462,75
-0,8995041	463,5
-0,1842358	464,25
0,3793089	465
0,4118211	465,75
-0,07586179	466,5
0,2275854	467,25
0,2817723	468
0,1192114	468,75
0,162561	469,5
-0,2600976	470,25
-0,2384228	471
0,1300488	471,75
-0,08669919	472,5
0,1192114	473,25
0,4118211	474
0,270935	474,75
0,3576342	475,5
-0,4985203	476,25
-0,9645284	477
0,3576342	477,75
0,5635447	478,5
-0,0216748	479,25
-0,3901463	480
-0,108374	480,75
-0,3901463	481,5
0,3034472	482,25
-0,06502439	483
0,1408862	483,75
-0,2600976	484,5
-0,5527073	485,25
-0,108374	486
-0,05418699	486,75
0,2059106	487,5
0,1408862	488,25
0,8995041	489
-0,4660081	489,75
0,06502439	490,5
-0,2384228	491,25
0,6068943	492
0,1950732	492,75
-0,2275854	493,5
0,1733984	494,25
0,6610813	495
0,06502439	495,75
0,5093578	496,5
-0,2384228	497,25
-0,0108374	498
-0,2817723	498,75
0,2384228	499,5
-0,2384228	500,25
-0,1300488	501
0,3251219	501,75
-0,06502439	502,5
0,5960569	503,25
-0,2059106	504
1,333	504,75
0,6502439	505,5
0,05418699	506,25
0,06502439	507
1,062065	507,75
-0,09753659	508,5
-0,07586179	509,25
-0,4334959	510
0,162561	510,75
-0,4768455	511,5
-0,216748	512,25
0,2600976	513
-0,2926098	513,75
0,0108374	514,5
0,2817723	515,25
-0,2275854	516
0,1733984	516,75
-0,08669919	517,5
-0,3251219	518,25
-0,06502439	519
0,216748	519,75
-0,2275854	520,5
-1,192114	521,25
-0,2059106	522
-0,0108374	522,75
-0,1408862	523,5
0,6502439	524,25
-0,162561	525
0,1950732	525,75
-0,1842358	526,5
0,162561	527,25
-0,2600976	528
-0,2600976	528,75
0,2600976	529,5
0,08669919	530,25
0,2600976	531
-0,1408862	531,75
-0,216748	532,5
-0,216748	533,25
-0,3901463	534
-0,9536911	534,75
-0,5527073	535,5
0,162561	536,25
0,6068943	537
0,04334959	537,75
0,6068943	538,5
-0,08669919	539,25
-0,3034472	540
0,4443333	540,75
0,7477805	541,5
-0,4876829	542,25
0,2275854	543
0,3142846	543,75
-0,1408862	544,5
0,270935	545,25
0,1733984	546
-0,05418699	546,75
0,2817723	547,5
0,4226585	548,25
-0,2926098	549
0,9970406	549,75
0,4009838	550,5
0,3793089	551,25
0,7152683	552
0,2600976	552,75
0,09753659	553,5
0,0325122	554,25
0,2926098	555
0,1192114	555,75
0,3251219	556,5
0,4009838	557,25
-0,2926098	558
-0,06502439	558,75
0,1733984	559,5
0,09753659	560,25
-0,162561	561
-0,0216748	561,75
0,0108374	562,5
0,216748	563,25
0,0325122	564
-0,1300488	564,75
0,2817723	565,5
-0,0216748	566,25
-0,0216748	567
-0,08669919	567,75
0,2384228	568,5
-0,1950732	569,25
-0,08669919	570
0,3359593	570,75
-0,6177317	571,5
0,2275854	572,25
-0,3576342	573
0,5093578	573,75
0,2600976	574,5
-0,0108374	575,25
-0,1733984	576
-0,6068943	576,75
-0,6177317	577,5
-0,216748	578,25
0,3034472	579
0,08669919	579,75
0,4009838	580,5
0,3793089	581,25
-0,4443333	582
0,4226585	582,75
-0,4660081	583,5
0,3576342	584,25
-0,3684715	585
-0,0216748	585,75
-0,0216748	586,5
-0,4768455	587,25
0,2059106	588
-0,3251219	588,75
0,4009838	589,5
-0,3142846	590,25
-0,2817723	591
0,2059106	591,75
0,1950732	592,5
-0,1950732	593,25
-0,2926098	594
-0,3467968	594,75
0,05418699	595,5
0,162561	596,25
-0,5201951	597
-0,6068943	597,75
0,1950732	598,5
-0,162561	599,25
-0,08669919	600
-0,162561	600,75
-0,06502439	601,5
0,0216748	602,25
0,07586179	603
0,2059106	603,75
-0,0108374	604,5
0,1300488	605,25
0,6610813	606
-0,5418699	606,75
0,2275854	607,5
-0,2384228	608,25
-0,216748	609
-0,4985203	609,75
0,07586179	610,5
-0,6610813	611,25
-0,7152683	612
-0,270935	612,75
0,4443333	613,5
-0,0216748	614,25
0,4985203	615
-0,1192114	615,75
0,08669919	616,5
-0,1950732	617,25
-0,270935	618
-0,0325122	618,75
0,2275854	619,5
0,3251219	620,25
-0,1950732	621
-0,07586179	621,75
0,3251219	622,5
-0,3576342	623,25
-0,162561	624
0,0325122	624,75
0,1408862	625,5
-0,1517236	626,25
0,8128049	627
-0,2817723	627,75
-0,4118211	628,5
0,3251219	629,25
0,5960569	630
-0,2492602	630,75
0,162561	631,5
-0,4009838	632,25
-0,08669919	633
0,0216748	633,75
-0,3359593	634,5
0,5201951	635,25
-0,1408862	636
0,2926098	636,75
-0,4443333	637,5
0,6502439	638,25
0,3576342	639
-0,2384228	639,75
-0,5527073	640,5
0,06502439	641,25
-0,6068943	642
-0,5635447	642,75
-0,06502439	643,5
-0,3901463	644,25
0,4334959	645
-0,3684715	645,75
0,3251219	646,5
-0,3034472	647,25
0,0325122	648
-0,1192114	648,75
-0,7369431	649,5
0,1192114	650,25
0,7911301	651
-0,108374	651,75
-0,1517236	652,5
-0,5743821	653,25
0,05418699	654
-0,6935935	654,75
0,2926098	655,5
0,3467968	656,25
0,7911301	657
-0,4768455	657,75
-0,08669919	658,5
-0,2059106	659,25
-0,6394065	660
-0,3684715	660,75
0,3901463	661,5
0,108374	662,25
-1,04039	663
0,162561	663,75
0,05418699	664,5
0,2275854	665,25
0,1517236	666
-0,4985203	666,75
-0,1192114	667,5
-0,2059106	668,25
0,6935935	669
0,0216748	669,75
-0,9645284	670,5
-0,09753659	671,25
0,4118211	672
0,8453171	672,75
-0,1192114	673,5
-0,07586179	674,25
0,5418699	675
-0,3251219	675,75
-0,6502439	676,5
0,2926098	677,25
-0,0216748	678
0,216748	678,75
0,2600976	679,5
-0,5960569	680,25
0,0325122	681
0,08669919	681,75
-0,2926098	682,5
0,4768455	683,25
-0,4876829	684
-0,108374	684,75
0,7044309	685,5
0,04334959	686,25
-0,5635447	687
-0,07586179	687,75
0,08669919	688,5
-0,3251219	689,25
-0,04334959	690
-0,2926098	690,75
0,1300488	691,5
-0,3142846	692,25
0,4985203	693
-0,08669919	693,75
0,0108374	694,5
-0,05418699	695,25
-0,1192114	696
-1,105415	696,75
-0,2384228	697,5
0,4009838	698,25
0,1842358	699
-0,04334959	699,75
0,3576342	700,5
-0,1408862	701,25
-0,1842358	702
0,2275854	702,75
-0,6827561	703,5
-0,0108374	704,25
-0,1408862	705
0,4334959	705,75
-0,5960569	706,5
0,1192114	707,25
-0,4876829	708
-0,2059106	708,75
-0,4660081	709,5
0,0216748	710,25
-0,4226585	711
0,6935935	711,75
0,4876829	712,5
-0,216748	713,25
-0,2275854	714
0,1300488	714,75
-0,7802927	715,5
0,6610813	716,25
0,108374	717
-0,3359593	717,75
0,09753659	718,5
0,4226585	719,25
-0,05418699	720
0,08669919	720,75
0,162561	721,5
-0,9320163	722,25
0,0108374	723
0,07586179	723,75
-0,2926098	724,5
-0,1733984	725,25
-0,2384228	726
-0,3467968	726,75
0,07586179	727,5
-0,1300488	728,25
-0,108374	729
-0,2817723	729,75
0,3251219	730,5
-0,1192114	731,25
0,2492602	732
-0,2926098	732,75
0,09753659	733,5
0,09753659	734,25
-0,4660081	735
-0,7261057	735,75
0,270935	736,5
0,0325122	737,25
0,7044309	738
-0,3251219	738,75
0,3793089	739,5
-0,270935	740,25
-0,3901463	741
-0,270935	741,75
-0,5093578	742,5
0,2384228	743,25
0,1733984	744
0	744,75
0,4009838	745,5
-0,3684715	746,25
0,0325122	747
-0,270935	747,75
0,2817723	748,5
0,3467968	749,25
